/celeba_dababase/moon_paper/images/182638.jpg -1  1 -1  1 -1 -1 -1 -1 -1 -1 -1 -1 -1 -1 -1 -1 -1 -1 -1  1 -1  1 -1 -1  1 -1 -1  1 -1 -1 -1  1 -1  1  1  1 -1 -1 -1 -1
/celeba_dababase/moon_paper/images/182639.jpg -1 -1 -1 -1 -1 -1 -1  1  1 -1 -1 -1  1 -1 -1 -1 -1 -1 -1  1 -1 -1 -1  1  1 -1 -1 -1 -1 -1 -1 -1 -1  1 -1 -1  1 -1 -1  1
/celeba_dababase/moon_paper/images/182640.jpg -1 -1  1 -1 -1 -1 -1 -1 -1 -1 -1  1 -1 -1 -1 -1 -1 -1  1  1 -1  1 -1 -1  1  1 -1 -1 -1 -1 -1  1 -1  1 -1 -1  1 -1 -1  1
/celeba_dababase/moon_paper/images/182641.jpg -1 -1  1 -1 -1 -1 -1 -1 -1 -1 -1 -1 -1 -1 -1 -1 -1 -1  1  1 -1  1 -1 -1  1  1 -1  1 -1  1 -1  1 -1 -1  1 -1  1 -1 -1  1
/celeba_dababase/moon_paper/images/182642.jpg -1 -1 -1 -1 -1 -1 -1 -1  1 -1 -1 -1 -1 -1 -1 -1 -1 -1 -1  1 -1  1 -1  1  1 -1 -1 -1 -1 -1 -1  1 -1 -1 -1 -1 -1 -1 -1  1
/celeba_dababase/moon_paper/images/182643.jpg 1 -1  1 -1 -1 -1  1 -1  1 -1 -1 -1  1 -1 -1 -1 -1 -1 -1 -1  1 -1 -1 -1 -1 -1 -1  1 -1 -1 -1 -1 -1 -1 -1 -1 -1 -1 -1  1
/celeba_dababase/moon_paper/images/182644.jpg 1  1 -1 -1 -1 -1  1 -1  1 -1 -1 -1  1 -1 -1 -1 -1 -1 -1 -1  1  1 -1 -1 -1 -1 -1 -1 -1 -1 -1 -1 -1 -1 -1 -1 -1 -1 -1  1
/celeba_dababase/moon_paper/images/182645.jpg -1 -1 -1 -1 -1 -1 -1 -1 -1 -1  1 -1 -1 -1 -1 -1 -1 -1 -1 -1 -1 -1 -1 -1  1 -1 -1 -1 -1 -1 -1 -1 -1 -1  1 -1 -1 -1 -1  1
/celeba_dababase/moon_paper/images/182646.jpg -1 -1  1 -1 -1  1 -1 -1  1 -1 -1 -1 -1 -1 -1 -1 -1 -1  1 -1 -1 -1 -1 -1  1  1 -1 -1 -1 -1 -1  1  1 -1 -1 -1  1 -1 -1  1
/celeba_dababase/moon_paper/images/182647.jpg 1 -1  1 -1 -1 -1 -1  1  1 -1 -1 -1 -1 -1 -1  1  1 -1 -1 -1  1  1  1 -1 -1 -1 -1  1 -1 -1 -1 -1 -1  1 -1 -1 -1 -1 -1  1
/celeba_dababase/moon_paper/images/182648.jpg -1 -1 -1 -1 -1 -1 -1 -1 -1 -1 -1 -1 -1 -1 -1  1 -1 -1 -1 -1  1 -1 -1 -1  1 -1 -1 -1 -1 -1 -1 -1  1  1 -1 -1 -1  1 -1  1
/celeba_dababase/moon_paper/images/182649.jpg -1 -1 -1  1 -1 -1  1 -1  1 -1 -1 -1 -1 -1 -1 -1 -1 -1 -1  1  1  1  1 -1 -1 -1 -1 -1 -1 -1 -1  1  1 -1 -1 -1 -1 -1 -1  1
/celeba_dababase/moon_paper/images/182650.jpg -1 -1 -1  1 -1 -1 -1  1 -1 -1 -1  1  1 -1 -1 -1 -1 -1 -1  1 -1 -1 -1 -1  1 -1 -1 -1 -1 -1 -1  1 -1 -1  1 -1 -1 -1 -1  1
/celeba_dababase/moon_paper/images/182651.jpg -1 -1  1 -1 -1 -1 -1 -1 -1 -1 -1 -1 -1 -1 -1 -1 -1 -1  1 -1 -1 -1 -1 -1  1  1 -1  1 -1 -1 -1 -1 -1  1 -1 -1  1 -1 -1  1
/celeba_dababase/moon_paper/images/182652.jpg 1 -1 -1 -1 -1 -1  1 -1 -1 -1 -1 -1 -1 -1 -1 -1 -1 -1 -1 -1  1  1 -1 -1 -1 -1 -1  1 -1 -1 -1 -1  1 -1 -1 -1 -1 -1 -1  1
/celeba_dababase/moon_paper/images/182653.jpg -1 -1 -1 -1 -1 -1 -1 -1 -1 -1 -1 -1  1 -1 -1 -1 -1 -1 -1  1  1 -1 -1 -1  1 -1 -1 -1 -1 -1 -1 -1 -1 -1 -1 -1 -1 -1 -1  1
